201818010315076
201818010315077
201818010315081
201818010330004
201818010351004
201818010351007
201818010351012
201818010351017
201818010415019
201818010415020
201818010415021
201818010415022
201818010415023
201818010415024
201818010415025
201818010415028
201818010415030
201818010415031
201818010415032
201818010415033
201818010415036
201818010415037
201818010415041
201818010415042
201818010415043
201818010515001
201818010515002
201818010515003
201818010515004
201818010515005
201818010515006
201818010515007
201818010515008
201818010515009
201818010515011
201818010515012
201818010515013
201818010515015
201818010515016
201818010515017
201818010515018
201818010515019
201818010515020
201818010515021
201818010515022
201818010515025
201818010515026
201818010515031
201818010515032
201818010515033
201818010515034
201818010515035
201818010515036
201818010515037
201818010515038
201818010515039
201818010515040
201818010515041
201818010515042
201818010515043
201818010515044
201818010515045
201818010515046
201818010515047
201818010515048
201818010515049
201818010515050
201818010515052
201818010515053
201818010515055
201818010515056
201818010515057
201818010515058
201818010515059
201818010515060
201818010515061
201818010515062
201818010515063
201818010515065
201818010515066
201818010551012
201818010551014
201818010551015
201818010551016
201818010551017
201818010551018
201818010551019
201818010551020
201818010551021
201818010551022
201818010551025
201818010551026
201818010551027
201818010551028
201818010615001
201818010615002
201818010615005
201818010615008
201818010615009
201818010615012
201818010615014
201818010615017
201818010615021
201818010615022
201818010615023
201818010642002
201818010642003
201818010642005
201818010642007
201818010642009
201818010642010
201818010642013
201818010642015
201818010642016
201818010642022
201818010642024
201818010642027
201818010642028
201818010715002
201818010715005
201818010715006
201818010715007
201818010715011
201818010715013
201818010715017
201818010715019
201818010715022
201818010751001
201818010751003
201818010751007
201818010751008
201818010751009
201818010815007
201818010815010
201818010815011
201818010851003
201818010851004
201818010851005
201818010851006
201818011015001
201818011015003
201818011015004
201818011015005
201818011015008
201818011015011
201818011015013
201818011037001
201818011037002
201818011042002
201818011042003
201818011042005
201818011042006
201818011042007
201818011042008
201818011042011
201818011042012
201818011042014
201818011051002
201818011051003
201818011051004
201818011051005
201818011051008
201818011051009
201818011051010
201818011051011
201818011203002
201818011203004
201818011215004
201818011215007
201818011215013
201818011215045
201818011215048
201818011215080
201818011215081
201818011215083
201818011215089
201818011215090
201818011215091
201818011215094
201818011215099
201818011230001
201818011315001
201818011315018
201818011315019
201818011315020
201818011315026
201818011315045
201818011315048
201818011315050
201818011315055
201818011330002
201818011330003
201818011915007
201818011915008
201818011915009
201818011915010
201818011915011
201818011915012
201818011915013
201818011915014
201818011915015
201818011915016
201818011915019
201818011915021
201818011915025
201818011915027
201818011915032
201818011915033
201818011915042
201818011915045
201818011915046
201818011915048
201818011915049
201818011915050
201818011915053
201818011915058
201818011915061
201818011937001
201818011937002
201818011937004
201818011937006
201818011941001
201818012115009
201818012115011
201818012115014
201818012115072
201818012115074
201818012115095
201818012215003
201818012215005
201818012215006
201818012215008
201818012215009
201818012215012
201818012215013
201818012251001
201818012251002
201818012342001
201818012342002
201818012342003
201818012342004
201818012342005
201818012342006
201818012342007
201818012342008
201818012342009
201818012342010
201818012342012
201818012342013
201818012342014
201818012342015
201818012342016
201818012342017
201818012342018
201818012342019
201818012342020
201818012342021
201818012342022
201818012342023
201818012342024
201818012342025
201818012342026
201818012342027
201818012415011
201818012415012
201818012415013
201818012415014
201818012415015
201818012415016
201818012415017
201818012415023
201818012415024
201818012415025
201818012415035
201818012415039
201818012503043
201818012637006
201818012637007
201818012637008
201818012637009
201818012637010
201818012637011
201818012637012
201818012637013
201818012638003
201818012638004
201818012638006
201818012638007
201818012638009
201818012638010
201818012638011
201818012638012
201818012638013
201818012638014
201818012638016
201818012638018
201818012638021
201818012638022
201818012638024
201818012638026
201818012651001
201818012651002
201818012651003
201818012651004
201818012651005
201818012715002
201818012715007
201818012715008
201818012737001
201818012737003
201818012737004
201818012737006
201818012737007
201818012737008
201818012738004
201818012751002
201818012751003
201818012751006
201818012751008
201818012751010
201818012751013
201818012751016
201818012751019
201818012751024
201818012751025
201818012751026
201818012815008
201818012851010
201818012938004
201818012938006
201818012938007
201818012938008
201818012938009
201818012938010
201818012938011
201818012938012
201818012938013
201818012938015
201818012938016
201818012938017
201818012951002
201818012951003
201818012951004
201818012951007
201818013229076
201818013229080
201818013229089
201818013270001
201818013329003
201818013329004
201818013329006
201818013329008
201818013524030
201818013524031
201818013524032
201818013524033
201818013524035
201818013607001
201818013607002
201818013607010
201818013607011
201818013607012
201818013607013
201818013607014
201818013607016
201818013622001
201818013622002
201818013622005
201818013622006
201818013622007
201818013622008
201818013622009
201818013622010
201818013622011
201818013622012
201818013626002
201818013626005
201818013626007
201818013626008
201818013626009
201818013626010
201818013626012
201818013626013
201818013626016
201818013626018
201818013626019
201818013626034
201818013626035
201818013626036
201818013626037
201818013626038
201818013626039
201818013626041
201818013626042
201818013626043
201818013626044
201818013626045
201818013626046
201818013626047
201818013626049
201818013626050
201818013626051
201818013626052
201818013626053
201818013626054
201818013626055
201818013626056
201818013626057
201818013626058
201818013626061
201818013626063
201818013626065
201818013626066
201818013626067
201818013626068
201818013626069
201818013726035
201818013726040
201818013727055
201818013727056
201818013727059
201818013727060
201818013822001
201818013822002
201818013826001
201818013826002
201818013826003
201818013826004
201818013826005
201818013826006
201818013826007
201818013826038
201818013826045
201818013827001
201818013827003
201818013827004
201818013907034
201818013907035
201818013919002
201818013919011
201818013919016
201818013919022
201818013919029
201818013919035
201818013919039
201818013919040
201818013919042
201818013919044
201818013920024
201818013920028
201818013920034
201818013920041
201818013920044
201818013920047
201818013920049
201818013920050
201818013920051
201818013920052
201818013926002
201818014007001
201818014007002
201818014007003
201818014007004
201818014007005
201818014007006
201818014020001
201818014020002
201818014020003
201818014020004
201818014020005
201818014020006
201818014020007
201818014020008
201818014020009
201818014020010
201818014020011
201818014020013
201818014020014
201818014020016
201818014020020
201818014020021
201818014020022
201818014020023
201818014020024
201818014020026
201818014020028
201818014020030
201818014020031
201818014020038
201818014022001
201818014022002
201818014022004
201818014022007
201818014022008
201818014022013
201818014207002
201818014207003
201818014207005
201818014207007
201818014207009
201818014207010
201818014207011
201818014220003
201818014220004
201818014220005
201818014220006
201818014220009
201818014220010
201818014220011
201818014220013
201818014220015
201818014226001
201818014226002
201818014226004
201818014227005
201818014227008
201818014227010
201818014227011
201818014227012
201818014227013
201818014227015
201818014227016
201818014326036
201818014326037
201818014326038
201818014326039
201818014326040
201818014326041
201818014628020
201818014628031
201818014628032
201818014628033
201818014628035
201818014628050
201818014628053
201818014628056
201818014628089
201818014628093
201818014719004
201818014719005
201818014719006
201818014719007
201818014719009
201818014719011
201818014719012
201818014719014
201818014728003
201818014728004
201818014728005
201818014728006
201818014728007
201818014728008
201818014728009
201818014728010
201818014728011
201818014728012
201818014728013
201818014728015
201818014728017
201818014825019
201818014825026
201818014825031
201818014825032
201818014825033
201818014924001
201818014924002
201818014924004
201818014924006
201818014924007
201818014924008
201818014924009
201818014924010
201818014933001
201818014933002
201818014933003
201818014933004
201818014933005
201818014933007
201818014933011
201818015029013
201818015029016
201818015059009
201818015059012
201818015059014
201818015059016
201818015059017
201818015059018
201818015059026
201818015070003
201818015120001
201818015121005
201818015121006
201818015121007
201818015121009
201818015121014
201818015127010
201818015127011
201818015127013
201818015329002
201818015329003
201818015329004
201818015329006
201818015329008
201818015329009
201818015329010
201818015329011
201818015547012
201818015547013
201818015547018
201818015615001
201818015615002
201818015615003
201818015615004
201818015651002
201818015651005
201818015814002
201818015814004
201818015837003
201818015837005
201818015837006
201818015837009
201818015926001
201818015926002
201818015926003
201818015926004
201818015926005
201818015926006
201818015926007
201818015926008
201818015926009
201818015926010
201818015926011
201818015926029
201818015926030
201818015926031
201818015926032
201818015926033
201818015926034
201818015926035
201818015926037
201818015926038
201818015926039
201818015926041
201818015926043
201818015926044
201818015926046
201818015926047
201818015926048
201818015926049
201818015926050
201818015926051
201818015926052
201818015926053
201818015926054
201818015926055
201818015926056
201818015926057
201818015926058
201818015926059
201818015926060
201818015926061
201818015926062
201818015926063
201818015926064
201818015926066
201818015926068
201818015926069
201818015926070
201818015926071
201818015926072
201818015926073
201818015926074
201818015926076
201818015926077
201818015926078
201818015926079
201818015926080
201818015926081
201818015926082
201818015926084
201818015926085
201818015926086
201818015926087
201818015926088
201818015926090
201818015926091
201818015926092
201818015926093
201818015926094
201818015926096
201818015926098
201818015926099
201818016029005
201818016029011
201818016029014
201818016251004
201818016251005
201818016251010
201818016251011
201818016251014
201818016251016
201818016251019
201818016251020
201818016443006
201818016443008
201818016443020
201818016443023
201818016514005
201818016514007
201818016514008
201818016514011
201818016514012
201818016514013
201818016514015
201818016514016
201818016514018
201818016514019
201818016514020
201818016514025
201818016514026
201818016514028
201818016514029
201818016514036
201818016514037
201818016514042
201818016514052
201818016537004
201818016537006
201818016537007
201818016537008
201818016537009
201818016537010
201818016537011
201818016537015
201818016537016
201818016537022
201818016537023
201818016537024
201818016537025
201818016609002
201818016609006
201818016715023
